kappa0_mu1_m0_test_loss: 0.0024771480821073055
kappa0_mu1_m2_test_loss: 0.0024860624689608812
kappa0_mu1_m50_test_loss: 0.0024693780578672886
kappa0_mu2_m50_test_loss: 0.0017317977035418153
kappa0_mu5_m50_test_loss: 0.0013956016628071666
kappa5_mu1_m0_test_loss: 0.026345178484916687
kappa5_mu1_m2_test_loss: 0.0019156800117343664
kappa5_mu1_m50_test_loss: 0.0015102551551535726
kappa5_mu2_m0_test_loss: 0.016117867082357407
kappa5_mu2_m2_test_loss: 0.0017231748206540942
kappa5_mu2_m50_test_loss: 0.0013589600566774607
kappa5_mu5_m0_test_loss: 0.022400010377168655
kappa5_mu5_m2_test_loss: 0.0016182210529223084
kappa5_mu5_m50_test_loss: 0.001282629556953907
kappa0_mu1_m0_test_op: 0.01232555555555559
kappa0_mu1_m2_test_op: 0.012261111111111056
kappa0_mu1_m50_test_op: 0.01235888888888892
kappa0_mu2_m50_test_op: 0.0007355555555556004
kappa0_mu5_m50_test_op: 1.1111111111183902e-06
kappa5_mu1_m0_test_op: 0.6057611111111111
kappa5_mu1_m2_test_op: 0.003924444444444397
kappa5_mu1_m50_test_op: 0.00019222222222226026
kappa5_mu2_m0_test_op: 0.6205477777777777
kappa5_mu2_m2_test_op: 0.0007522222222222652
kappa5_mu2_m50_test_op: 1.1111111111183902e-06
kappa5_mu5_m0_test_op: 0.6568111111111111
kappa5_mu5_m2_test_op: 0.0001188888888888906
kappa5_mu5_m50_test_op: 0.0
Parameters:
