kappa0_mu1_m0_test_loss: 0.0004791795799974352
kappa0_mu1_m2_test_loss: 0.00047924340469762683
kappa0_mu1_m50_test_loss: 0.0004763794713653624
kappa0_mu2_m50_test_loss: 0.0003448797215241939
kappa0_mu5_m50_test_loss: 0.00027957529528066516
kappa5_mu1_m0_test_loss: 0.04011094197630882
kappa5_mu1_m2_test_loss: 0.0003798103134613484
kappa5_mu1_m50_test_loss: 0.00030538495047949255
kappa5_mu2_m0_test_loss: 0.031087135896086693
kappa5_mu2_m2_test_loss: 0.00034574634628370404
kappa5_mu2_m50_test_loss: 0.000272204662906006
kappa5_mu5_m0_test_loss: 0.04067113250494003
kappa5_mu5_m2_test_loss: 0.0003248028224334121
kappa5_mu5_m50_test_loss: 0.00025251382612623274
kappa0_mu1_m0_test_op: 0.07480333333333333
kappa0_mu1_m2_test_op: 0.07533666666666672
kappa0_mu1_m50_test_op: 0.07532111111111106
kappa0_mu2_m50_test_op: 0.020551111111111076
kappa0_mu5_m50_test_op: 0.0012155555555555253
kappa5_mu1_m0_test_op: 0.9113455555555555
kappa5_mu1_m2_test_op: 0.03959777777777773
kappa5_mu1_m50_test_op: 0.008615555555555598
kappa5_mu2_m0_test_op: 0.9492477777777778
kappa5_mu2_m2_test_op: 0.02050777777777779
kappa5_mu2_m50_test_op: 0.0009000000000000119
kappa5_mu5_m0_test_op: 0.9694477777777778
kappa5_mu5_m2_test_op: 0.010486666666666644
kappa5_mu5_m50_test_op: 1.444444444442805e-05
kappa0_mu1_m0_test_obsOP: 0.07573444444444444
kappa0_mu1_m2_test_obsOP: 0.07628999999999997
kappa0_mu1_m50_test_obsOP: 0.07628666666666661
kappa0_mu2_m50_test_obsOP: 0.02100000000000002
kappa0_mu5_m50_test_obsOP: 0.0012766666666667037
kappa5_mu1_m0_test_obsOP: 0.9128188888888888
kappa5_mu1_m2_test_obsOP: 0.040285555555555574
kappa5_mu1_m50_test_obsOP: 0.008852222222222261
kappa5_mu2_m0_test_obsOP: 0.9500777777777778
kappa5_mu2_m2_test_obsOP: 0.02100555555555561
kappa5_mu2_m50_test_obsOP: 0.0009255555555555128
kappa5_mu5_m0_test_obsOP: 0.9696222222222223
kappa5_mu5_m2_test_obsOP: 0.010792222222222203
kappa5_mu5_m50_test_obsOP: 1.555555555554644e-05
Parameters:
