kappa0_mu1_m0_test_loss: 0.45758959650993347
kappa0_mu1_m2_test_loss: 0.45722290873527527
kappa0_mu1_m50_test_loss: 0.4567575454711914
kappa0_mu2_m50_test_loss: 0.3679634630680084
kappa0_mu5_m50_test_loss: 0.30590760707855225
kappa5_mu1_m0_test_loss: 26.499652862548828
kappa5_mu1_m2_test_loss: 0.3970755636692047
kappa5_mu1_m50_test_loss: 0.3316805958747864
kappa5_mu2_m0_test_loss: 25.640657424926758
kappa5_mu2_m2_test_loss: 0.36828044056892395
kappa5_mu2_m50_test_loss: 0.2979944050312042
kappa5_mu5_m0_test_loss: 27.090118408203125
kappa5_mu5_m2_test_loss: 0.3498137593269348
kappa5_mu5_m50_test_loss: 0.27586495876312256
kappa0_mu1_m0_test_op: 0.02205333333333337
kappa0_mu1_m2_test_op: 0.021892222222222202
kappa0_mu1_m50_test_op: 0.02219111111111116
kappa0_mu2_m50_test_op: 0.004235555555555548
kappa0_mu5_m50_test_op: 0.0005855555555555059
kappa5_mu1_m0_test_op: 0.6692766666666667
kappa5_mu1_m2_test_op: 0.009573333333333323
kappa5_mu1_m50_test_op: 0.0018866666666667031
kappa5_mu2_m0_test_op: 0.6986211111111111
kappa5_mu2_m2_test_op: 0.0043333333333333
kappa5_mu2_m50_test_op: 0.0004977777777778192
kappa5_mu5_m0_test_op: 0.739041111111111
kappa5_mu5_m2_test_op: 0.0024444444444444713
kappa5_mu5_m50_test_op: 8.666666666667933e-05
Parameters:
