rank: 1
trial_id: 94
loss: 0.02664460428059101
num_params: 122340
model_size_mb: 0.4666900634765625
sampler: TPESampler
Parameters:
  scaler: StandardScaler
  num_layers: 1
  lstm_units_layer_0: 160
  lstm_activation_layer_0: relu
  lstm_recurrent_dropout_layer_0: 0.30000000000000004
  lstm_dropout_layer_0: 0.0
  num_dense_layers: 0
  optimizer: AdamW
  learning_rate: 0.0032202824486170702
  batch_size: 64
