kappa0_mu1_m0_test_loss: 0.00016703193250577897
kappa0_mu1_m2_test_loss: 0.00016826072533149272
kappa0_mu1_m50_test_loss: 0.00016219545796047896
kappa0_mu2_m50_test_loss: 9.779075480764732e-05
kappa0_mu5_m50_test_loss: 8.758184412727132e-05
kappa5_mu1_m0_test_loss: 0.010195903480052948
kappa5_mu1_m2_test_loss: 0.00010916798783000559
kappa5_mu1_m50_test_loss: 8.967222674982622e-05
kappa5_mu2_m0_test_loss: 0.004537762608379126
kappa5_mu2_m2_test_loss: 9.840460552368313e-05
kappa5_mu2_m50_test_loss: 8.69189971126616e-05
kappa5_mu5_m0_test_loss: 0.005216856487095356
kappa5_mu5_m2_test_loss: 9.323456470156088e-05
kappa5_mu5_m50_test_loss: 8.572931255912408e-05
kappa0_mu1_m0_test_op: 0.012143333333333284
kappa0_mu1_m2_test_op: 0.012083333333333335
kappa0_mu1_m50_test_op: 0.012146666666666639
kappa0_mu2_m50_test_op: 0.0007111111111111068
kappa0_mu5_m50_test_op: 1.1111111111183902e-06
kappa5_mu1_m0_test_op: 0.6043166666666666
kappa5_mu1_m2_test_op: 0.003852222222222257
kappa5_mu1_m50_test_op: 0.0001866666666666683
kappa5_mu2_m0_test_op: 0.6185077777777778
kappa5_mu2_m2_test_op: 0.0007200000000000539
kappa5_mu2_m50_test_op: 1.1111111111183902e-06
kappa5_mu5_m0_test_op: 0.6543111111111111
kappa5_mu5_m2_test_op: 0.00011222222222218026
kappa5_mu5_m50_test_op: 0.0
Parameters:
