kappa0_mu1_m0_test_loss: 0.44660601019859314
kappa0_mu1_m2_test_loss: 0.4460393488407135
kappa0_mu1_m50_test_loss: 0.445964515209198
kappa0_mu2_m50_test_loss: 0.3602263629436493
kappa0_mu5_m50_test_loss: 0.3001199960708618
kappa5_mu1_m0_test_loss: 25.897727966308594
kappa5_mu1_m2_test_loss: 0.3883022964000702
kappa5_mu1_m50_test_loss: 0.3252825438976288
kappa5_mu2_m0_test_loss: 25.330631256103516
kappa5_mu2_m2_test_loss: 0.3606363534927368
kappa5_mu2_m50_test_loss: 0.29217329621315
kappa5_mu5_m0_test_loss: 26.624143600463867
kappa5_mu5_m2_test_loss: 0.3428731858730316
kappa5_mu5_m50_test_loss: 0.26998618245124817
kappa0_mu1_m0_test_op: 0.11435111111111107
kappa0_mu1_m2_test_op: 0.11488555555555557
kappa0_mu1_m50_test_op: 0.11476555555555557
kappa0_mu2_m50_test_op: 0.05423555555555559
kappa0_mu5_m50_test_op: 0.021325555555555598
kappa5_mu1_m0_test_op: 0.9302922222222222
kappa5_mu1_m2_test_op: 0.0751911111111111
kappa5_mu1_m50_test_op: 0.03486666666666671
kappa5_mu2_m0_test_op: 0.95833
kappa5_mu2_m2_test_op: 0.05426444444444445
kappa5_mu2_m50_test_op: 0.01869333333333334
kappa5_mu5_m0_test_op: 0.9709922222222223
kappa5_mu5_m2_test_op: 0.04167888888888893
kappa5_mu5_m50_test_op: 0.012007777777777728
kappa0_mu1_m0_test_obsOP: 0.1655577777777778
kappa0_mu1_m2_test_obsOP: 0.16640222222222223
kappa0_mu1_m50_test_obsOP: 0.16616444444444445
kappa0_mu2_m50_test_obsOP: 0.10456333333333334
kappa0_mu5_m50_test_obsOP: 0.0667577777777778
kappa5_mu1_m0_test_obsOP: 0.9447555555555556
kappa5_mu1_m2_test_obsOP: 0.12555111111111106
kappa5_mu1_m50_test_obsOP: 0.08098666666666665
kappa5_mu2_m0_test_obsOP: 0.9643577777777778
kappa5_mu2_m2_test_obsOP: 0.10499888888888886
kappa5_mu2_m50_test_obsOP: 0.062416666666666676
kappa5_mu5_m0_test_obsOP: 0.9722411111111111
kappa5_mu5_m2_test_obsOP: 0.09304000000000001
kappa5_mu5_m50_test_obsOP: 0.05575888888888891
Parameters:
