kappa0_mu1_m0_test_loss: 0.45758941769599915
kappa0_mu1_m2_test_loss: 0.4572227895259857
kappa0_mu1_m50_test_loss: 0.4567573666572571
kappa0_mu2_m50_test_loss: 0.36796343326568604
kappa0_mu5_m50_test_loss: 0.30590754747390747
kappa5_mu1_m0_test_loss: 26.499732971191406
kappa5_mu1_m2_test_loss: 0.3970754146575928
kappa5_mu1_m50_test_loss: 0.33168065547943115
kappa5_mu2_m0_test_loss: 25.64076042175293
kappa5_mu2_m2_test_loss: 0.3682803213596344
kappa5_mu2_m50_test_loss: 0.297994464635849
kappa5_mu5_m0_test_loss: 27.09010887145996
kappa5_mu5_m2_test_loss: 0.3498136103153229
kappa5_mu5_m50_test_loss: 0.27586495876312256
kappa0_mu1_m0_test_op: 0.1102522222222222
kappa0_mu1_m2_test_op: 0.11086777777777779
kappa0_mu1_m50_test_op: 0.1108811111111111
kappa0_mu2_m50_test_op: 0.05210222222222227
kappa0_mu5_m50_test_op: 0.02022333333333337
kappa5_mu1_m0_test_op: 0.9275455555555555
kappa5_mu1_m2_test_op: 0.07235999999999998
kappa5_mu1_m50_test_op: 0.033381111111111084
kappa5_mu2_m0_test_op: 0.95653
kappa5_mu2_m2_test_op: 0.05213666666666672
kappa5_mu2_m50_test_op: 0.017730000000000024
kappa5_mu5_m0_test_op: 0.9705388888888888
kappa5_mu5_m2_test_op: 0.04002888888888889
kappa5_mu5_m50_test_op: 0.011176666666666613

kappa0_mu1_m0_test_obsOP: 0.1655577777777778
kappa0_mu1_m2_test_obsOP: 0.16640222222222223
kappa0_mu1_m50_test_obsOP: 0.16616444444444445
kappa0_mu2_m50_test_obsOP: 0.10456333333333334
kappa0_mu5_m50_test_obsOP: 0.0667577777777778
kappa5_mu1_m0_test_obsOP: 0.9447555555555556
kappa5_mu1_m2_test_obsOP: 0.12555111111111106
kappa5_mu1_m50_test_obsOP: 0.08098666666666665
kappa5_mu2_m0_test_obsOP: 0.9643577777777778
kappa5_mu2_m2_test_obsOP: 0.10499888888888886
kappa5_mu2_m50_test_obsOP: 0.062416666666666676
kappa5_mu5_m0_test_obsOP: 0.9722411111111111
kappa5_mu5_m2_test_obsOP: 0.09304000000000001
kappa5_mu5_m50_test_obsOP: 0.05575888888888891
Parameters:
