kappa0_mu1_m0_test_loss: 0.00025459154858253896
kappa0_mu1_m2_test_loss: 0.0002538102271500975
kappa0_mu1_m50_test_loss: 0.00025153683964163065
kappa0_mu2_m50_test_loss: 0.00016654067439958453
kappa0_mu5_m50_test_loss: 0.00013536153710447252
kappa5_mu1_m0_test_loss: 0.012238587252795696
kappa5_mu1_m2_test_loss: 0.00018681892834138125
kappa5_mu1_m50_test_loss: 0.00014527204621117562
kappa5_mu2_m0_test_loss: 0.007373235188424587
kappa5_mu2_m2_test_loss: 0.00016648229211568832
kappa5_mu2_m50_test_loss: 0.00013260614650789648
kappa5_mu5_m0_test_loss: 0.007428393233567476
kappa5_mu5_m2_test_loss: 0.00015557135338895023
kappa5_mu5_m50_test_loss: 0.0001266482868231833
kappa0_mu1_m0_test_op: 0.07473555555555556
kappa0_mu1_m2_test_op: 0.07525555555555552
kappa0_mu1_m50_test_op: 0.07525111111111116
kappa0_mu2_m50_test_op: 0.02051444444444439
kappa0_mu5_m50_test_op: 0.0012100000000000444
kappa5_mu1_m0_test_op: 0.9112155555555556
kappa5_mu1_m2_test_op: 0.03954666666666662
kappa5_mu1_m50_test_op: 0.008598888888888934
kappa5_mu2_m0_test_op: 0.9491533333333333
kappa5_mu2_m2_test_op: 0.020483333333333298
kappa5_mu2_m50_test_op: 0.0009000000000000119
kappa5_mu5_m0_test_op: 0.9694377777777777
kappa5_mu5_m2_test_op: 0.010458888888888906
kappa5_mu5_m50_test_op: 1.444444444442805e-05
kappa0_mu1_m0_test_obsOP: 0.08087777777777783
kappa0_mu1_m2_test_obsOP: 0.0814988888888889
kappa0_mu1_m50_test_obsOP: 0.08158444444444446
kappa0_mu2_m50_test_obsOP: 0.0236966666666667
kappa0_mu5_m50_test_obsOP: 0.0016244444444444284
kappa5_mu1_m0_test_obsOP: 0.91934
kappa5_mu1_m2_test_obsOP: 0.04401888888888894
kappa5_mu1_m50_test_obsOP: 0.010307777777777805
kappa5_mu2_m0_test_obsOP: 0.9536044444444445
kappa5_mu2_m2_test_obsOP: 0.02370888888888889
kappa5_mu2_m50_test_obsOP: 0.001188888888888906
kappa5_mu5_m0_test_obsOP: 0.9703411111111111
kappa5_mu5_m2_test_obsOP: 0.012717777777777828
kappa5_mu5_m50_test_obsOP: 2.3333333333375172e-05
Parameters:
