kappa0_mu1_m0_test_loss: 0.18219728767871857
kappa0_mu1_m2_test_loss: 0.1819845288991928
kappa0_mu1_m50_test_loss: 0.18096710741519928
kappa0_mu2_m50_test_loss: 0.12712252140045166
kappa0_mu5_m50_test_loss: 0.08975584805011749
kappa5_mu1_m0_test_loss: 0.2755596339702606
kappa5_mu1_m2_test_loss: 0.14485801756381989
kappa5_mu1_m50_test_loss: 0.10550808161497116
kappa5_mu2_m0_test_loss: 0.14458629488945007
kappa5_mu2_m2_test_loss: 0.1271764189004898
kappa5_mu2_m50_test_loss: 0.08530367165803909
kappa5_mu5_m0_test_loss: 0.23791402578353882
kappa5_mu5_m2_test_loss: 0.11600061506032944
kappa5_mu5_m50_test_loss: 0.07205946743488312
kappa0_mu1_m0_test_op: 0.09341999999999995
kappa0_mu1_m2_test_op: 0.09409666666666672
kappa0_mu1_m50_test_op: 0.09400666666666668
kappa0_mu2_m50_test_op: 0.029928888888888894
kappa0_mu5_m50_test_op: 0.003103333333333347
kappa5_mu1_m0_test_op: 0.92743
kappa5_mu1_m2_test_op: 0.0533811111111111
kappa5_mu1_m50_test_op: 0.014354444444444447
kappa5_mu2_m0_test_op: 0.9555266666666666
kappa5_mu2_m2_test_op: 0.029970000000000052
kappa5_mu2_m50_test_op: 0.002401111111111076
kappa5_mu5_m0_test_op: 0.9706244444444444
kappa5_mu5_m2_test_op: 0.01713666666666669
kappa5_mu5_m50_test_op: 0.00015666666666669382
kappa0_mu1_m0_test_obsOP: 0.10149333333333332
kappa0_mu1_m2_test_obsOP: 0.10235555555555553
kappa0_mu1_m50_test_obsOP: 0.10225777777777778
kappa0_mu2_m50_test_obsOP: 0.035129999999999995
kappa0_mu5_m50_test_obsOP: 0.0044655555555555
kappa5_mu1_m0_test_obsOP: 0.93445
kappa5_mu1_m2_test_obsOP: 0.059727777777777824
kappa5_mu1_m50_test_obsOP: 0.01760666666666666
kappa5_mu2_m0_test_obsOP: 0.95936
kappa5_mu2_m2_test_obsOP: 0.0351933333333333
kappa5_mu2_m50_test_obsOP: 0.003437777777777762
kappa5_mu5_m0_test_obsOP: 0.9714033333333333
kappa5_mu5_m2_test_obsOP: 0.02133666666666667
kappa5_mu5_m50_test_obsOP: 0.0003077777777777957
Parameters:
