kappa0_mu1_m0_test_loss: 0.025730876252055168
kappa0_mu1_m2_test_loss: 0.02564067952334881
kappa0_mu1_m50_test_loss: 0.025619547814130783
kappa0_mu2_m50_test_loss: 0.026197461411356926
kappa0_mu5_m50_test_loss: 0.026439841836690903
kappa5_mu1_m0_test_loss: 0.0715494230389595
kappa5_mu1_m2_test_loss: 0.02572852559387684
kappa5_mu1_m50_test_loss: 0.026215841993689537
kappa5_mu2_m0_test_loss: 0.04911455884575844
kappa5_mu2_m2_test_loss: 0.02618148922920227
kappa5_mu2_m50_test_loss: 0.026380198076367378
kappa5_mu5_m0_test_loss: 0.055044692009687424
kappa5_mu5_m2_test_loss: 0.02643779292702675
kappa5_mu5_m50_test_loss: 0.02622085064649582
kappa0_mu1_m0_test_op: 0.07862000000000002
kappa0_mu1_m2_test_op: 0.07924666666666669
kappa0_mu1_m50_test_op: 0.07924888888888892
kappa0_mu2_m50_test_op: 0.02380777777777776
kappa0_mu5_m50_test_op: 0.0020877777777777995
kappa5_mu1_m0_test_op: 0.9134377777777778
kappa5_mu1_m2_test_op: 0.04298555555555561
kappa5_mu1_m50_test_op: 0.010597777777777817
kappa5_mu2_m0_test_op: 0.9504144444444445
kappa5_mu2_m2_test_op: 0.023632222222222277
kappa5_mu2_m50_test_op: 0.0015655555555555978
kappa5_mu5_m0_test_op: 0.9696533333333334
kappa5_mu5_m2_test_op: 0.013145555555555521
kappa5_mu5_m50_test_op: 7.666666666661381e-05
kappa0_mu1_m0_test_obsOP: 0.08972000000000002
kappa0_mu1_m2_test_obsOP: 0.09049777777777779
kappa0_mu1_m50_test_obsOP: 0.09054777777777778
kappa0_mu2_m50_test_obsOP: 0.030241111111111163
kappa0_mu5_m50_test_obsOP: 0.0034077777777777873
kappa5_mu1_m0_test_obsOP: 0.9270511111111112
kappa5_mu1_m2_test_obsOP: 0.051218888888888925
kappa5_mu1_m50_test_obsOP: 0.014211111111111063
kappa5_mu2_m0_test_obsOP: 0.9569633333333334
kappa5_mu2_m2_test_obsOP: 0.030095555555555542
kappa5_mu2_m50_test_obsOP: 0.0025622222222222435
kappa5_mu5_m0_test_obsOP: 0.9706011111111111
kappa5_mu5_m2_test_obsOP: 0.01796333333333333
kappa5_mu5_m50_test_obsOP: 0.00014111111111114738
Parameters:
