kappa0_mu1_m0_test_loss: 0.00017451481835450977
kappa0_mu1_m2_test_loss: 0.0001747989736031741
kappa0_mu1_m50_test_loss: 0.00017324279178865254
kappa0_mu2_m50_test_loss: 0.0001260422868654132
kappa0_mu5_m50_test_loss: 0.00011328601249260828
kappa5_mu1_m0_test_loss: 0.013170691207051277
kappa5_mu1_m2_test_loss: 0.00013499973283614963
kappa5_mu1_m50_test_loss: 0.00011668746446957812
kappa5_mu2_m0_test_loss: 0.009995004162192345
kappa5_mu2_m2_test_loss: 0.00012579876056406647
kappa5_mu2_m50_test_loss: 0.0001121890454669483
kappa5_mu5_m0_test_loss: 0.016323113813996315
kappa5_mu5_m2_test_loss: 0.00012132957635913044
kappa5_mu5_m50_test_loss: 0.00011000658560078591
kappa0_mu1_m0_test_op: 0.07472888888888884
kappa0_mu1_m2_test_op: 0.07525777777777776
kappa0_mu1_m50_test_op: 0.07523555555555561
kappa0_mu2_m50_test_op: 0.020517777777777746
kappa0_mu5_m50_test_op: 0.0012100000000000444
kappa5_mu1_m0_test_op: 0.9111988888888889
kappa5_mu1_m2_test_op: 0.03954111111111114
kappa5_mu1_m50_test_op: 0.00859444444444446
kappa5_mu2_m0_test_op: 0.9491433333333333
kappa5_mu2_m2_test_op: 0.02048222222222218
kappa5_mu2_m50_test_op: 0.0008977777777777751
kappa5_mu5_m0_test_op: 0.9694377777777777
kappa5_mu5_m2_test_op: 0.010454444444444433
kappa5_mu5_m50_test_op: 1.333333333330966e-05
kappa0_mu1_m0_test_obsOP: 0.08087777777777783
kappa0_mu1_m2_test_obsOP: 0.0814988888888889
kappa0_mu1_m50_test_obsOP: 0.08158444444444446
kappa0_mu2_m50_test_obsOP: 0.0236966666666667
kappa0_mu5_m50_test_obsOP: 0.0016244444444444284
kappa5_mu1_m0_test_obsOP: 0.91934
kappa5_mu1_m2_test_obsOP: 0.04401888888888894
kappa5_mu1_m50_test_obsOP: 0.010307777777777805
kappa5_mu2_m0_test_obsOP: 0.9536044444444445
kappa5_mu2_m2_test_obsOP: 0.02370888888888889
kappa5_mu2_m50_test_obsOP: 0.001188888888888906
kappa5_mu5_m0_test_obsOP: 0.9703411111111111
kappa5_mu5_m2_test_obsOP: 0.012717777777777828
kappa5_mu5_m50_test_obsOP: 2.3333333333375172e-05
Parameters:
