kappa0_mu1_m0_test_loss: 0.0017405363032594323
kappa0_mu1_m2_test_loss: 0.001740206265822053
kappa0_mu1_m50_test_loss: 0.001729284762404859
kappa0_mu2_m50_test_loss: 0.0011849256698042154
kappa0_mu5_m50_test_loss: 0.0008191706147044897
kappa5_mu1_m0_test_loss: 0.009721525944769382
kappa5_mu1_m2_test_loss: 0.001366657903417945
kappa5_mu1_m50_test_loss: 0.0009691795567050576
kappa5_mu2_m0_test_loss: 0.006748756859451532
kappa5_mu2_m2_test_loss: 0.0011864652624353766
kappa5_mu2_m50_test_loss: 0.0007760694716125727
kappa5_mu5_m0_test_loss: 0.007540123071521521
kappa5_mu5_m2_test_loss: 0.0010728025808930397
kappa5_mu5_m50_test_loss: 0.0006625332171097398
kappa0_mu1_m0_test_op: 0.012163333333333304
kappa0_mu1_m2_test_op: 0.012105555555555592
kappa0_mu1_m50_test_op: 0.012167777777777777
kappa0_mu2_m50_test_op: 0.0007133333333333436
kappa0_mu5_m50_test_op: 1.1111111111183902e-06
kappa5_mu1_m0_test_op: 0.6047322222222222
kappa5_mu1_m2_test_op: 0.003861111111111093
kappa5_mu1_m50_test_op: 0.0001877777777777867
kappa5_mu2_m0_test_op: 0.6190777777777778
kappa5_mu2_m2_test_op: 0.0007211111111110613
kappa5_mu2_m50_test_op: 1.1111111111183902e-06
kappa5_mu5_m0_test_op: 0.6549433333333333
kappa5_mu5_m2_test_op: 0.00011333333333329865
kappa5_mu5_m50_test_op: 0.0
Parameters:
