kappa0_mu1_m0_test_loss: 0.1875971406698227
kappa0_mu1_m2_test_loss: 0.18733149766921997
kappa0_mu1_m50_test_loss: 0.18617944419384003
kappa0_mu2_m50_test_loss: 0.1298915147781372
kappa0_mu5_m50_test_loss: 0.09194072335958481
kappa5_mu1_m0_test_loss: 0.7899866104125977
kappa5_mu1_m2_test_loss: 0.1483021378517151
kappa5_mu1_m50_test_loss: 0.10753888636827469
kappa5_mu2_m0_test_loss: 0.7418531775474548
kappa5_mu2_m2_test_loss: 0.12992584705352783
kappa5_mu2_m50_test_loss: 0.08752278983592987
kappa5_mu5_m0_test_loss: 0.7859953045845032
kappa5_mu5_m2_test_loss: 0.11850979179143906
kappa5_mu5_m50_test_loss: 0.07474949955940247
kappa0_mu1_m0_test_op: 0.01629444444444439
kappa0_mu1_m2_test_op: 0.01622666666666661
kappa0_mu1_m50_test_op: 0.016232222222222203
kappa0_mu2_m50_test_op: 0.0013155555555555143
kappa0_mu5_m50_test_op: 8.8888888888361e-06
kappa5_mu1_m0_test_op: 0.6572144444444444
kappa5_mu1_m2_test_op: 0.005598888888888931
kappa5_mu1_m50_test_op: 0.00035111111111107984
kappa5_mu2_m0_test_op: 0.67213
kappa5_mu2_m2_test_op: 0.0012466666666666182
kappa5_mu2_m50_test_op: 5.555555555591951e-06
kappa5_mu5_m0_test_op: 0.7041122222222223
kappa5_mu5_m2_test_op: 0.0002855555555555389
kappa5_mu5_m50_test_op: 0.0
Parameters:
