kappa0_mu1_m0_test_loss: 0.45389652252197266
kappa0_mu1_m2_test_loss: 0.4534479081630707
kappa0_mu1_m50_test_loss: 0.45322996377944946
kappa0_mu2_m50_test_loss: 0.36396336555480957
kappa0_mu5_m50_test_loss: 0.2982138395309448
kappa5_mu1_m0_test_loss: 25.74850082397461
kappa5_mu1_m2_test_loss: 0.39364224672317505
kappa5_mu1_m50_test_loss: 0.3263833820819855
kappa5_mu2_m0_test_loss: 24.797260284423828
kappa5_mu2_m2_test_loss: 0.36436572670936584
kappa5_mu2_m50_test_loss: 0.28962889313697815
kappa5_mu5_m0_test_loss: 26.77767562866211
kappa5_mu5_m2_test_loss: 0.3450464606285095
kappa5_mu5_m50_test_loss: 0.2642863988876343
kappa0_mu1_m0_test_op: 0.13252555555555556
kappa0_mu1_m2_test_op: 0.13368000000000002
kappa0_mu1_m50_test_op: 0.1332144444444444
kappa0_mu2_m50_test_op: 0.06543888888888894
kappa0_mu5_m50_test_op: 0.025098888888888893
kappa5_mu1_m0_test_op: 0.9397733333333333
kappa5_mu1_m2_test_op: 0.08978111111111109
kappa5_mu1_m50_test_op: 0.04261000000000004
kappa5_mu2_m0_test_op: 0.9627555555555556
kappa5_mu2_m2_test_op: 0.06564666666666663
kappa5_mu2_m50_test_op: 0.021693333333333342
kappa5_mu5_m0_test_op: 0.9719433333333334
kappa5_mu5_m2_test_op: 0.05091222222222225
kappa5_mu5_m50_test_op: 0.012423333333333342
kappa0_mu1_m0_test_obsOP: 0.1655577777777778
kappa0_mu1_m2_test_obsOP: 0.16640222222222223
kappa0_mu1_m50_test_obsOP: 0.16616444444444445
kappa0_mu2_m50_test_obsOP: 0.10456333333333334
kappa0_mu5_m50_test_obsOP: 0.0667577777777778
kappa5_mu1_m0_test_obsOP: 0.9447555555555556
kappa5_mu1_m2_test_obsOP: 0.12555111111111106
kappa5_mu1_m50_test_obsOP: 0.08098666666666665
kappa5_mu2_m0_test_obsOP: 0.9643577777777778
kappa5_mu2_m2_test_obsOP: 0.10499888888888886
kappa5_mu2_m50_test_obsOP: 0.062416666666666676
kappa5_mu5_m0_test_obsOP: 0.9722411111111111
kappa5_mu5_m2_test_obsOP: 0.09304000000000001
kappa5_mu5_m50_test_obsOP: 0.05575888888888891
Parameters:
