kappa0_mu1_m0_test_loss: 0.18265774846076965
kappa0_mu1_m2_test_loss: 0.18230025470256805
kappa0_mu1_m50_test_loss: 0.18133915960788727
kappa0_mu2_m50_test_loss: 0.12723468244075775
kappa0_mu5_m50_test_loss: 0.09024057537317276
kappa5_mu1_m0_test_loss: 0.2045309841632843
kappa5_mu1_m2_test_loss: 0.14494021236896515
kappa5_mu1_m50_test_loss: 0.10571085661649704
kappa5_mu2_m0_test_loss: 0.1426636427640915
kappa5_mu2_m2_test_loss: 0.1272578090429306
kappa5_mu2_m50_test_loss: 0.08593117445707321
kappa5_mu5_m0_test_loss: 0.2562245726585388
kappa5_mu5_m2_test_loss: 0.11617603898048401
kappa5_mu5_m50_test_loss: 0.07321731746196747
kappa0_mu1_m0_test_op: 0.0938633333333333
kappa0_mu1_m2_test_op: 0.09460777777777774
kappa0_mu1_m50_test_op: 0.09457888888888888
kappa0_mu2_m50_test_op: 0.030191111111111057
kappa0_mu5_m50_test_op: 0.0032222222222222374
kappa5_mu1_m0_test_op: 0.92761
kappa5_mu1_m2_test_op: 0.05376777777777775
kappa5_mu1_m50_test_op: 0.0145777777777778
kappa5_mu2_m0_test_op: 0.95541
kappa5_mu2_m2_test_op: 0.030211111111111077
kappa5_mu2_m50_test_op: 0.0024744444444444458
kappa5_mu5_m0_test_op: 0.970588888888889
kappa5_mu5_m2_test_op: 0.017398888888888853
kappa5_mu5_m50_test_op: 0.00017666666666671382
kappa0_mu1_m0_test_obsOP: 0.10149333333333332
kappa0_mu1_m2_test_obsOP: 0.10235555555555553
kappa0_mu1_m50_test_obsOP: 0.10225777777777778
kappa0_mu2_m50_test_obsOP: 0.035129999999999995
kappa0_mu5_m50_test_obsOP: 0.0044655555555555
kappa5_mu1_m0_test_obsOP: 0.93445
kappa5_mu1_m2_test_obsOP: 0.059727777777777824
kappa5_mu1_m50_test_obsOP: 0.01760666666666666
kappa5_mu2_m0_test_obsOP: 0.95936
kappa5_mu2_m2_test_obsOP: 0.0351933333333333
kappa5_mu2_m50_test_obsOP: 0.003437777777777762
kappa5_mu5_m0_test_obsOP: 0.9714033333333333
kappa5_mu5_m2_test_obsOP: 0.02133666666666667
kappa5_mu5_m50_test_obsOP: 0.0003077777777777957
Parameters:
