kappa0_mu1_m0_test_loss: 0.00025459518656134605
kappa0_mu1_m2_test_loss: 0.0002538135740906
kappa0_mu1_m50_test_loss: 0.000251541321631521
kappa0_mu2_m50_test_loss: 0.0001665401505306363
kappa0_mu5_m50_test_loss: 0.00013535939797293395
kappa5_mu1_m0_test_loss: 0.012238533236086369
kappa5_mu1_m2_test_loss: 0.00018681971414480358
kappa5_mu1_m50_test_loss: 0.00014527050370816141
kappa5_mu2_m0_test_loss: 0.007373250555247068
kappa5_mu2_m2_test_loss: 0.0001664814626565203
kappa5_mu2_m50_test_loss: 0.0001326036872342229
kappa5_mu5_m0_test_loss: 0.007428464945405722
kappa5_mu5_m2_test_loss: 0.00015557043661829084
kappa5_mu5_m50_test_loss: 0.00012664533278439194
kappa0_mu1_m0_test_op: 0.012141111111111158
kappa0_mu1_m2_test_op: 0.012098888888888881
kappa0_mu1_m50_test_op: 0.012152222222222231
kappa0_mu2_m50_test_op: 0.0007066666666666332
kappa0_mu5_m50_test_op: 1.1111111111183902e-06
kappa5_mu1_m0_test_op: 0.6043644444444445
kappa5_mu1_m2_test_op: 0.0038544444444444936
kappa5_mu1_m50_test_op: 0.0001866666666666683
kappa5_mu2_m0_test_op: 0.6186122222222222
kappa5_mu2_m2_test_op: 0.0007211111111110613
kappa5_mu2_m50_test_op: 1.1111111111183902e-06
kappa5_mu5_m0_test_op: 0.6544122222222222
kappa5_mu5_m2_test_op: 0.00011111111111106187
kappa5_mu5_m50_test_op: 0.0
Parameters:
