kappa0_mu1_m0_test_loss: 0.4479445815086365
kappa0_mu1_m2_test_loss: 0.44750961661338806
kappa0_mu1_m50_test_loss: 0.44736695289611816
kappa0_mu2_m50_test_loss: 0.36115559935569763
kappa0_mu5_m50_test_loss: 0.2985087037086487
kappa5_mu1_m0_test_loss: 27.75213623046875
kappa5_mu1_m2_test_loss: 0.389713853597641
kappa5_mu1_m50_test_loss: 0.3251812756061554
kappa5_mu2_m0_test_loss: 26.710918426513672
kappa5_mu2_m2_test_loss: 0.3614587187767029
kappa5_mu2_m50_test_loss: 0.29016807675361633
kappa5_mu5_m0_test_loss: 27.568986892700195
kappa5_mu5_m2_test_loss: 0.3431888520717621
kappa5_mu5_m50_test_loss: 0.2656986713409424
kappa0_mu1_m0_test_op: 0.11221222222222227
kappa0_mu1_m2_test_op: 0.11290111111111112
kappa0_mu1_m50_test_op: 0.11289555555555553
kappa0_mu2_m50_test_op: 0.0530788888888889
kappa0_mu5_m50_test_op: 0.02081333333333335
kappa5_mu1_m0_test_op: 0.9284977777777778
kappa5_mu1_m2_test_op: 0.07380222222222221
kappa5_mu1_m50_test_op: 0.034255555555555595
kappa5_mu2_m0_test_op: 0.9576377777777778
kappa5_mu2_m2_test_op: 0.05306999999999995
kappa5_mu2_m50_test_op: 0.01819555555555552
kappa5_mu5_m0_test_op: 0.9709211111111111
kappa5_mu5_m2_test_op: 0.040808888888888895
kappa5_mu5_m50_test_op: 0.011425555555555578
kappa0_mu1_m0_test_obsOP: 0.1655577777777778
kappa0_mu1_m2_test_obsOP: 0.16640222222222223
kappa0_mu1_m50_test_obsOP: 0.16616444444444445
kappa0_mu2_m50_test_obsOP: 0.10456333333333334
kappa0_mu5_m50_test_obsOP: 0.0667577777777778
kappa5_mu1_m0_test_obsOP: 0.9447555555555556
kappa5_mu1_m2_test_obsOP: 0.12555111111111106
kappa5_mu1_m50_test_obsOP: 0.08098666666666665
kappa5_mu2_m0_test_obsOP: 0.9643577777777778
kappa5_mu2_m2_test_obsOP: 0.10499888888888886
kappa5_mu2_m50_test_obsOP: 0.062416666666666676
kappa5_mu5_m0_test_obsOP: 0.9722411111111111
kappa5_mu5_m2_test_obsOP: 0.09304000000000001
kappa5_mu5_m50_test_obsOP: 0.05575888888888891
Parameters:
