kappa0_mu1_m0_test_loss: 0.18763501942157745
kappa0_mu1_m2_test_loss: 0.18736937642097473
kappa0_mu1_m50_test_loss: 0.18621790409088135
kappa0_mu2_m50_test_loss: 0.12991268932819366
kappa0_mu5_m50_test_loss: 0.09195510298013687
kappa5_mu1_m0_test_loss: 0.7945460677146912
kappa5_mu1_m2_test_loss: 0.14832748472690582
kappa5_mu1_m50_test_loss: 0.10755540430545807
kappa5_mu2_m0_test_loss: 0.7453823089599609
kappa5_mu2_m2_test_loss: 0.12994690239429474
kappa5_mu2_m50_test_loss: 0.08753696829080582
kappa5_mu5_m0_test_loss: 0.7893551588058472
kappa5_mu5_m2_test_loss: 0.11852845549583435
kappa5_mu5_m50_test_loss: 0.07476315647363663
kappa0_mu1_m0_test_op: 0.09358
kappa0_mu1_m2_test_op: 0.09433222222222226
kappa0_mu1_m50_test_op: 0.09430555555555553
kappa0_mu2_m50_test_op: 0.030008888888888863
kappa0_mu5_m50_test_op: 0.0031111111111110645
kappa5_mu1_m0_test_op: 0.9277244444444445
kappa5_mu1_m2_test_op: 0.053472222222222254
kappa5_mu1_m50_test_op: 0.014434444444444416
kappa5_mu2_m0_test_op: 0.9554966666666667
kappa5_mu2_m2_test_op: 0.030075555555555522
kappa5_mu2_m50_test_op: 0.002395555555555595
kappa5_mu5_m0_test_op: 0.970588888888889
kappa5_mu5_m2_test_op: 0.01718888888888892
kappa5_mu5_m50_test_op: 0.00016444444444441153
kappa0_mu1_m0_test_obsOP: 0.10149333333333332
kappa0_mu1_m2_test_obsOP: 0.10235555555555553
kappa0_mu1_m50_test_obsOP: 0.10225777777777778
kappa0_mu2_m50_test_obsOP: 0.035129999999999995
kappa0_mu5_m50_test_obsOP: 0.0044655555555555
kappa5_mu1_m0_test_obsOP: 0.93445
kappa5_mu1_m2_test_obsOP: 0.059727777777777824
kappa5_mu1_m50_test_obsOP: 0.01760666666666666
kappa5_mu2_m0_test_obsOP: 0.95936
kappa5_mu2_m2_test_obsOP: 0.0351933333333333
kappa5_mu2_m50_test_obsOP: 0.003437777777777762
kappa5_mu5_m0_test_obsOP: 0.9714033333333333
kappa5_mu5_m2_test_obsOP: 0.02133666666666667
kappa5_mu5_m50_test_obsOP: 0.0003077777777777957
Parameters:
