kappa0_mu1_m0_test_loss: 0.0270428117364645
kappa0_mu1_m2_test_loss: 0.02693452686071396
kappa0_mu1_m50_test_loss: 0.026911184191703796
kappa0_mu2_m50_test_loss: 0.026978585869073868
kappa0_mu5_m50_test_loss: 0.02690347656607628
kappa5_mu1_m0_test_loss: 0.07296302169561386
kappa5_mu1_m2_test_loss: 0.026713259518146515
kappa5_mu1_m50_test_loss: 0.02681243047118187
kappa5_mu2_m0_test_loss: 0.0581442192196846
kappa5_mu2_m2_test_loss: 0.026965273544192314
kappa5_mu2_m50_test_loss: 0.026821527630090714
kappa5_mu5_m0_test_loss: 0.06373036652803421
kappa5_mu5_m2_test_loss: 0.027120623737573624
kappa5_mu5_m50_test_loss: 0.02664458565413952
kappa0_mu1_m0_test_op: 0.0783666666666667
kappa0_mu1_m2_test_op: 0.0790155555555555
kappa0_mu1_m50_test_op: 0.07891777777777775
kappa0_mu2_m50_test_op: 0.023654444444444422
kappa0_mu5_m50_test_op: 0.0020799999999999708
kappa5_mu1_m0_test_op: 0.9131166666666667
kappa5_mu1_m2_test_op: 0.042823333333333324
kappa5_mu1_m50_test_op: 0.010485555555555526
kappa5_mu2_m0_test_op: 0.95024
kappa5_mu2_m2_test_op: 0.023532222222222177
kappa5_mu2_m50_test_op: 0.0015255555555555578
kappa5_mu5_m0_test_op: 0.9696155555555556
kappa5_mu5_m2_test_op: 0.013037777777777815
kappa5_mu5_m50_test_op: 7.222222222225128e-05
kappa0_mu1_m0_test_obsOP: 0.08972000000000002
kappa0_mu1_m2_test_obsOP: 0.09049777777777779
kappa0_mu1_m50_test_obsOP: 0.09054777777777778
kappa0_mu2_m50_test_obsOP: 0.030241111111111163
kappa0_mu5_m50_test_obsOP: 0.0034077777777777873
kappa5_mu1_m0_test_obsOP: 0.9270511111111112
kappa5_mu1_m2_test_obsOP: 0.051218888888888925
kappa5_mu1_m50_test_obsOP: 0.014211111111111063
kappa5_mu2_m0_test_obsOP: 0.9569633333333334
kappa5_mu2_m2_test_obsOP: 0.030095555555555542
kappa5_mu2_m50_test_obsOP: 0.0025622222222222435
kappa5_mu5_m0_test_obsOP: 0.9706011111111111
kappa5_mu5_m2_test_obsOP: 0.01796333333333333
kappa5_mu5_m50_test_obsOP: 0.00014111111111114738
Parameters:
