kappa0_mu1_m0_test_loss: 0.02688952535390854
kappa0_mu1_m2_test_loss: 0.026770956814289093
kappa0_mu1_m50_test_loss: 0.026743613183498383
kappa0_mu2_m50_test_loss: 0.026322396472096443
kappa0_mu5_m50_test_loss: 0.02585412748157978
kappa5_mu1_m0_test_loss: 0.15075089037418365
kappa5_mu1_m2_test_loss: 0.02619071677327156
kappa5_mu1_m50_test_loss: 0.02594722807407379
kappa5_mu2_m0_test_loss: 0.13771693408489227
kappa5_mu2_m2_test_loss: 0.02629505656659603
kappa5_mu2_m50_test_loss: 0.025706952437758446
kappa5_mu5_m0_test_loss: 0.1275448501110077
kappa5_mu5_m2_test_loss: 0.02635229006409645
kappa5_mu5_m50_test_loss: 0.025286318734288216
kappa0_mu1_m0_test_op: 0.07838333333333336
kappa0_mu1_m2_test_op: 0.07893666666666665
kappa0_mu1_m50_test_op: 0.07891555555555552
kappa0_mu2_m50_test_op: 0.023680000000000034
kappa0_mu5_m50_test_op: 0.0020799999999999708
kappa5_mu1_m0_test_op: 0.9132733333333334
kappa5_mu1_m2_test_op: 0.04281777777777773
kappa5_mu1_m50_test_op: 0.010517777777777737
kappa5_mu2_m0_test_op: 0.9502844444444445
kappa5_mu2_m2_test_op: 0.02351111111111115
kappa5_mu2_m50_test_op: 0.0015666666666667162
kappa5_mu5_m0_test_op: 0.9696422222222222
kappa5_mu5_m2_test_op: 0.013082222222222217
kappa5_mu5_m50_test_op: 7.77777777777322e-05
kappa0_mu1_m0_test_obsOP: 0.08972000000000002
kappa0_mu1_m2_test_obsOP: 0.09049777777777779
kappa0_mu1_m50_test_obsOP: 0.09054777777777778
kappa0_mu2_m50_test_obsOP: 0.030241111111111163
kappa0_mu5_m50_test_obsOP: 0.0034077777777777873
kappa5_mu1_m0_test_obsOP: 0.9270511111111112
kappa5_mu1_m2_test_obsOP: 0.051218888888888925
kappa5_mu1_m50_test_obsOP: 0.014211111111111063
kappa5_mu2_m0_test_obsOP: 0.9569633333333334
kappa5_mu2_m2_test_obsOP: 0.030095555555555542
kappa5_mu2_m50_test_obsOP: 0.0025622222222222435
kappa5_mu5_m0_test_obsOP: 0.9706011111111111
kappa5_mu5_m2_test_obsOP: 0.01796333333333333
kappa5_mu5_m50_test_obsOP: 0.00014111111111114738
Parameters:
