

parfor i=1:10000

a=1;
end