kappa0_mu1_m0_test_loss: 0.1840030401945114
kappa0_mu1_m2_test_loss: 0.18373215198516846
kappa0_mu1_m50_test_loss: 0.1827174872159958
kappa0_mu2_m50_test_loss: 0.12853576242923737
kappa0_mu5_m50_test_loss: 0.09130251407623291
kappa5_mu1_m0_test_loss: 2.770855665206909
kappa5_mu1_m2_test_loss: 0.14635635912418365
kappa5_mu1_m50_test_loss: 0.10689769685268402
kappa5_mu2_m0_test_loss: 2.322448492050171
kappa5_mu2_m2_test_loss: 0.1285625845193863
kappa5_mu2_m50_test_loss: 0.0869031772017479
kappa5_mu5_m0_test_loss: 2.2310473918914795
kappa5_mu5_m2_test_loss: 0.11745095998048782
kappa5_mu5_m50_test_loss: 0.07378222048282623
kappa0_mu1_m0_test_op: 0.09482666666666661
kappa0_mu1_m2_test_op: 0.09558555555555559
kappa0_mu1_m50_test_op: 0.09553222222222224
kappa0_mu2_m50_test_op: 0.030701111111111068
kappa0_mu5_m50_test_op: 0.0032188888888888822
kappa5_mu1_m0_test_op: 0.9290222222222222
kappa5_mu1_m2_test_op: 0.05441555555555555
kappa5_mu1_m50_test_op: 0.014766666666666706
kappa5_mu2_m0_test_op: 0.9563433333333333
kappa5_mu2_m2_test_op: 0.0307655555555556
kappa5_mu2_m50_test_op: 0.0025100000000000122
kappa5_mu5_m0_test_op: 0.9708122222222222
kappa5_mu5_m2_test_op: 0.01775222222222217
kappa5_mu5_m50_test_op: 0.00016444444444441153
kappa0_mu1_m0_test_obsOP: 0.10149333333333332
kappa0_mu1_m2_test_obsOP: 0.10235555555555553
kappa0_mu1_m50_test_obsOP: 0.10225777777777778
kappa0_mu2_m50_test_obsOP: 0.035129999999999995
kappa0_mu5_m50_test_obsOP: 0.0044655555555555
kappa5_mu1_m0_test_obsOP: 0.93445
kappa5_mu1_m2_test_obsOP: 0.059727777777777824
kappa5_mu1_m50_test_obsOP: 0.01760666666666666
kappa5_mu2_m0_test_obsOP: 0.95936
kappa5_mu2_m2_test_obsOP: 0.0351933333333333
kappa5_mu2_m50_test_obsOP: 0.003437777777777762
kappa5_mu5_m0_test_obsOP: 0.9714033333333333
kappa5_mu5_m2_test_obsOP: 0.02133666666666667
kappa5_mu5_m50_test_obsOP: 0.0003077777777777957
Parameters:
