kappa0_mu1_m0_test_loss: 0.02690405771136284
kappa0_mu1_m2_test_loss: 0.026785165071487427
kappa0_mu1_m50_test_loss: 0.026758337393403053
kappa0_mu2_m50_test_loss: 0.026331836357712746
kappa0_mu5_m50_test_loss: 0.025862447917461395
kappa5_mu1_m0_test_loss: 0.15031225979328156
kappa5_mu1_m2_test_loss: 0.02620173990726471
kappa5_mu1_m50_test_loss: 0.02595578320324421
kappa5_mu2_m0_test_loss: 0.13730619847774506
kappa5_mu2_m2_test_loss: 0.026304617524147034
kappa5_mu2_m50_test_loss: 0.025715574622154236
kappa5_mu5_m0_test_loss: 0.1269131749868393
kappa5_mu5_m2_test_loss: 0.026361124590039253
kappa5_mu5_m50_test_loss: 0.02529565617442131
kappa0_mu1_m0_test_op: 0.013117777777777784
kappa0_mu1_m2_test_op: 0.013012222222222203
kappa0_mu1_m50_test_op: 0.013112222222222192
kappa0_mu2_m50_test_op: 0.0009066666666666112
kappa0_mu5_m50_test_op: 3.3333333333551707e-06
kappa5_mu1_m0_test_op: 0.6116422222222222
kappa5_mu1_m2_test_op: 0.004284444444444424
kappa5_mu1_m50_test_op: 0.00022333333333335315
kappa5_mu2_m0_test_op: 0.6289722222222223
kappa5_mu2_m2_test_op: 0.0008866666666667022
kappa5_mu2_m50_test_op: 1.1111111111183902e-06
kappa5_mu5_m0_test_op: 0.6670522222222222
kappa5_mu5_m2_test_op: 0.0001777777777778322
kappa5_mu5_m50_test_op: 0.0
Parameters:
