kappa0_mu1_m0_test_loss: 0.04829980805516243
kappa0_mu1_m2_test_loss: 0.04824115335941315
kappa0_mu1_m50_test_loss: 0.04812120273709297
kappa0_mu2_m50_test_loss: 0.04134470596909523
kappa0_mu5_m50_test_loss: 0.037502553313970566
kappa5_mu1_m0_test_loss: 0.11847571283578873
kappa5_mu1_m2_test_loss: 0.04319845885038376
kappa5_mu1_m50_test_loss: 0.03899858146905899
kappa5_mu2_m0_test_loss: 0.09104237705469131
kappa5_mu2_m2_test_loss: 0.041245829313993454
kappa5_mu2_m50_test_loss: 0.03697681054472923
kappa5_mu5_m0_test_loss: 0.07727577537298203
kappa5_mu5_m2_test_loss: 0.04025104269385338
kappa5_mu5_m50_test_loss: 0.03550027683377266
kappa0_mu1_m0_test_op: 0.08118999999999998
kappa0_mu1_m2_test_op: 0.08180555555555558
kappa0_mu1_m50_test_op: 0.08179555555555551
kappa0_mu2_m50_test_op: 0.025150000000000006
kappa0_mu5_m50_test_op: 0.0023655555555555097
kappa5_mu1_m0_test_op: 0.9172899999999999
kappa5_mu1_m2_test_op: 0.044789999999999996
kappa5_mu1_m50_test_op: 0.011314444444444405
kappa5_mu2_m0_test_op: 0.9525611111111111
kappa5_mu2_m2_test_op: 0.025023333333333286
kappa5_mu2_m50_test_op: 0.0018011111111111422
kappa5_mu5_m0_test_op: 0.9700711111111111
kappa5_mu5_m2_test_op: 0.014283333333333315
kappa5_mu5_m50_test_op: 8.555555555556094e-05
kappa0_mu1_m0_test_obsOP: 0.08972000000000002
kappa0_mu1_m2_test_obsOP: 0.09049777777777779
kappa0_mu1_m50_test_obsOP: 0.09054777777777778
kappa0_mu2_m50_test_obsOP: 0.030241111111111163
kappa0_mu5_m50_test_obsOP: 0.0034077777777777873
kappa5_mu1_m0_test_obsOP: 0.9270511111111112
kappa5_mu1_m2_test_obsOP: 0.051218888888888925
kappa5_mu1_m50_test_obsOP: 0.014211111111111063
kappa5_mu2_m0_test_obsOP: 0.9569633333333334
kappa5_mu2_m2_test_obsOP: 0.030095555555555542
kappa5_mu2_m50_test_obsOP: 0.0025622222222222435
kappa5_mu5_m0_test_obsOP: 0.9706011111111111
kappa5_mu5_m2_test_obsOP: 0.01796333333333333
kappa5_mu5_m50_test_obsOP: 0.00014111111111114738
Parameters:
